# oST version 5.0 parameters


[image]

width
640

height
480

[narrow_stereo]

camera matrix
618.644473 0.000000 313.193776
0.000000 615.124579 239.880319
0.000000 0.000000 1.000000

distortion
0.180134 -0.512571 -0.003196 -0.004552 0.000000

rectification
1.000000 0.000000 0.000000
0.000000 1.000000 0.000000
0.000000 0.000000 1.000000

projection
624.750977 0.000000 310.070248 0.000000
0.000000 624.604309 238.389319 0.000000
0.000000 0.000000 1.000000 0.000000

