image_width: 640
image_height: 480
camera_name: narrow_stereo
camera_matrix:
  rows: 3
  cols: 3
  data: [618.644473, 0.000000, 313.193776, 0.000000, 615.124579, 239.880319, 0.000000, 0.000000, 1.000000]
distortion_model: plumb_bob
distortion_coefficients:
  rows: 1
  cols: 5
  data: [0.180134, -0.512571, -0.003196, -0.004552, 0.000000]
rectification_matrix:
  rows: 3
  cols: 3
  data: [1.000000, 0.000000, 0.000000, 0.000000, 1.000000, 0.000000, 0.000000, 0.000000, 1.000000]
projection_matrix:
  rows: 3
  cols: 4
  data: [624.750977, 0.000000, 310.070248, 0.000000, 0.000000, 624.604309, 238.389319, 0.000000, 0.000000, 0.000000, 1.000000, 0.000000]
